cache <- list(
	"Smoke #11"="idsm11",
	"Smoke #13 "="idsm13",
	"Smoke #15"="idsm15",
	"Smoke #16"="idsm16",
	"Smoke #17"="idsm17",
	"Smoke #19"="idsm19",
	"Smoke #20"="idsm20",
	"Smoke #21"="idsm21",
	"Smoke #22"="idsm22",
	"Smoke #23"="idsm23",
	"Smoke #24"="idsm24",
	"Smoke #65"="ids265",
	"Smoke #66"="idsm66",
	"Smoke #67"="idsm67",
	"Smoke #68"="idsm68",
	"Smoke #69"="idsm69",
	"Smoke #84"="ids284",
	"Smoke #215"="ids215",
	"Smoke #216"="ids216",
	"Smoke #217"="ids217",
	"Smoke E-BAM 231"="ide231",
	"Smoke E-BAM 840"="ide840",
	"Smoke E-BAM 866"="ide866",
	"Smoke E-BAM 925"="ide925")
usfs_regional <- list(
	"Smoke USFS R1-39"="ids139",
	"Smoke USFS R1-52"="ids152",
	"Smoke USFS R1-53"="ids153",
	"Smoke USFS R1-306"="id1306",
	"Smoke USFS R1-307"="id1307",
	"Smoke USFS R2-69"="ids269",
	"Smoke USFS R2-78"="ids278",
	"Smoke USFS R2-264"="id2264",
	"Smoke USFS R2-265"="id2265",
	"Smoke USFS R2-922"="id2922",
	"Smoke USFS R2-923"="id2923",
	"Smoke USFS R2-924"="id2924",
	"Smoke USFS R3-28"="ids328",
	"Smoke USFS R3-86"="ids386",
	"Smoke USFS R5-39"="ids539",
	"Smoke USFS R5-49"="ids549",
	"Smoke USFS R8-33"="ids833",
	"Smoke USFS R8-34"="ids834",
	"Smoke USFS R8-35"="ids835",
	"Smoke USFS R8-55"="ids855",
	"Smoke USFS R8-56"="ids856",
	"Smoke USFS R9-15"="ids915",
	"Smoke USFS R9-16"="ids916",
	"Smoke USFS R9-17"="ids917",
	"Smoke USFS R9-60"="ids960",
	"Smoke USFS 3015 "="ids315",
	"Smoke USFS 3016 "="ids316",
	"Smoke USFS R9-3017"="ids317",
	"Smoke USFS R9-3018"="ids318")
miscellaneous <- list(
	"Smoke #25"="idsm25",
	"Smoke #86"="idsm86",
	"Smoke E-BAM 52"="idsm52",
	"Smoke E-BAM 65"="idsm65",
	"FWS Smoke #1"="idsmf1",
	"Smoke NCFS E-BAM #1"="idsmn1",
	"Smoke NCFS E-BAM #2"="idsmn2",
	"Smoke NCFS E-BAM #3"="idsmn3",
	"Smoke NPS Yosemite 01"="idsmy1",
	"RSF Smoke Monitor #1"="idsmrs",
	"Lolo NF Smoke Monitor #1"="idsml1",
	"Lolo NF Smoke Monitor #2"="idsml2")
